array([[ 1.02274857e+01, -2.55043678e+01],
       [ 9.17186165e+00, -5.48024511e+00],
       [ 3.80797539e+01, -5.51769676e+01],
       [ 1.37724190e+01,  2.99322014e+01],
       [-2.29051380e+01,  4.34982061e+00],
       [ 3.69491816e-01, -7.30068874e+00],
       [-5.35446739e+00, -1.34740639e+01],
       [-9.10216141e+00,  4.33926888e+01],
       [ 2.85426378e+00, -1.80428829e+01],
       [-1.22265816e+00,  2.16849480e+01],
       [-7.96790981e+00, -2.56643295e-01],
       [ 3.39553642e+01,  1.50786915e+01],
       [ 2.23517704e+01, -3.87799911e+01],
       [ 5.72835445e+00,  8.64794350e+00],
       [ 5.42951202e+01, -7.38893585e+01],
       [ 1.93377614e-01,  3.22103500e-02]], dtype=float32)
